Accuracy: 0.5
Precision: 0.2222222222222222
Recall: 0.2222222222222222
F1: 0.2222222222222222
